2.782880017408640924e+03
5.739804210470546195e+02
1.588842116018052366e+03
2.970541585406565446e+02
2.673064731078792647e+03
1.142366436777104809e+03
5.094038397063940238e+02
1.119575428613369013e+03
1.412651679199545470e+03
6.772679447767941383e+02
1.769233767532128695e+03
2.261605796329371969e+03
3.737152549943058602e+03
1.880395425188190075e+03
3.838355599773688027e+03
3.860773999006916256e+03
3.595740421008667340e+02
1.147746388175547509e+03
2.141606553218496174e+03
3.113671994356675896e+03
1.833270118207373798e+03
2.811914950168052201e+03
1.444698119109971003e+03
9.531873032732987667e+02
2.628316903933894537e+03
2.504179308320334712e+03
6.076347069367403719e+02
2.357355015241377259e+03
4.008410286782233243e+02
8.119774654401735461e+02
6.066701279156156943e+02
7.044883250066462779e+02
4.510414221147307217e+02
4.959975616006874588e+03
9.940215169466849829e+02
1.151329056770635134e+03
2.246977846363897697e+03
1.452186126314431021e+03
1.647968505258000278e+03
3.919302727354915078e+03
3.388062012914823754e+03
2.992288704482425601e+03
2.912836892125055783e+03
3.023205102083645215e+03
1.658172348731248803e+03
9.186462857482924846e+02
1.368645357469652481e+03
2.353164277167396904e+03
7.904998178098361450e+02
2.249888139672081252e+03
1.256518725294301248e+03
7.172052820640794835e+02
1.547298434505796649e+02
1.756583783891217308e+03
1.753709456643159228e+03
5.096793196470682688e+02
2.023577490751358255e+03
8.436059447384616305e+02
2.430168157112407243e+03
7.723564977677614252e+02
2.368677341086198567e+02
3.921252118105469435e+03
1.077603539266550342e+03
2.107754962701787349e+02
1.071010967118146937e+03
2.658563632826654612e+03
3.576317871634513722e+03
1.109460208511048450e+03
1.150042984554592294e+03
3.065854678317701200e+03
6.707947086862746801e+03
2.912983383013732691e+03
5.229922826429565248e+03
3.892764179252999952e+02
1.948274196529429673e+03
5.748246670445849304e+03
1.762563103001341233e+03
4.584215050816805160e+03
1.972072957784304776e+02
6.786401923301461920e+02
1.436053786890716765e+03
9.095527933365966646e+02
4.510206843321704582e+03
3.601835838871535543e+03
4.048644347811386979e+03
6.404564387802506644e+03
1.990019179728283916e+03
4.155988807648187162e+02
3.918550826048543058e+03
1.512804990675865611e+03
1.717825160237659929e+03
1.086931565507745745e+03
5.730760792674881259e+02
3.226846222961900139e+02
4.569866820827066931e+02
3.778365622761904206e+02
1.673975430906667043e+03
9.259317174975462876e+02
1.584856406856299373e+03
8.880994175834584894e+02
6.902420508784711274e+03
2.658081770772748769e+02
3.018226490474931779e+03
6.991884483355799603e+03
2.353880361983137277e+02
3.141123072666812732e+03
1.472648799858608299e+03
2.328712503673448737e+03
4.196075265189904258e+02
5.491870618903003560e+02
2.838299800660887513e+02
7.620631107142805831e+02
5.679804116648853096e+02
1.619132142301725708e+03
1.747023993290778435e+03
5.342389403640294177e+02
9.718592888154726097e+02
1.588053158483000516e+03
5.286415342296220388e+02
1.323366359758059389e+03
1.399629346246352270e+03
5.559157871622780931e+02
2.346619347108376132e+03
3.677665058446295006e+03
6.717200032457440102e+03
2.134987456511686105e+03
2.592396717677215179e+02
4.589920600633158756e+02
6.396227339600523010e+02
6.936633696251699348e+02
1.382287481421926714e+03
2.450793437802296353e+02
1.807829662575106795e+03
8.737672256554668593e+02
2.478692465300790445e+03
1.801068910775162522e+03
1.938149772571231040e+02
2.251778819945109717e+03
6.983607530954602680e+02
3.517442142064352083e+03
1.787899977002395417e+03
7.103451283450249321e+02
3.415581379930178628e+03
3.152087895049201506e+03
4.818062310280937481e+02
3.985414414141597490e+02
1.658159509469129716e+03
2.661038360803083378e+03
2.734815407064637384e+03
6.687274109328522172e+03
2.312557639020611191e+02
1.675681908441105634e+03
1.563850830219377485e+03
1.887999937082417091e+03
1.120884924609205200e+03
2.203766396842574977e+03
5.660018097504211255e+03
7.066533373846315271e+02
1.613144788207784131e+03
6.190163772037712988e+02
2.951977948605911024e+02
2.579639024222723037e+03
1.052940478606554052e+03
3.346197984877875570e+03
1.039433867407996786e+03
5.478720787302705730e+02
6.198307508214231348e+03
3.306407088242186546e+03
2.691328098851356572e+02
2.759937323160894266e+03
5.874633418804007761e+02
5.941074043515039193e+03
3.397325271363964930e+03
3.572899477120686242e+03
2.149428037435973692e+03
4.016642014238599586e+03
5.736917793604493454e+03
1.751060944611386049e+03
9.243581251378525394e+02
9.065765387898209156e+02
2.390430748749361555e+03
4.201239253773373434e+02
1.302586324918408991e+03
7.373735654511749544e+02
3.372081379027881667e+03
1.963010897853821916e+03
2.506959785509891390e+02
3.850019663829753426e+03
4.937136949276055020e+02
2.743430495268855793e+02
1.041464698796882885e+03
2.565593256311827872e+02
6.571767228942906513e+03
2.006017420892517748e+03
1.858643916513379736e+03
2.596737384553196534e+03
2.342946118031963124e+03
9.956044915835295797e+02
3.905255175981456887e+03
1.076708979837419292e+03
1.540600061107709053e+03
5.917652110374892800e+02
7.209359440847265432e+02
1.576594635344450580e+03
1.379425728738976431e+03
1.724906448014796297e+03
1.419412655397528624e+03
3.954938530091849316e+02
2.102722248449395920e+03
5.889529088284600675e+02
5.639332690870371607e+02
2.411061077418387868e+03
1.950536999165427972e+02
1.570118972371923746e+03
6.330845982377292103e+02
6.088680222257371497e+02
1.128128823992697107e+03
3.120765899493579127e+03
3.705576744790586417e+03
4.600048465762550336e+02
5.781297113417383571e+02
1.568165345753629481e+03
2.528022866596650147e+03
8.298276075782212047e+02
3.661215985262395407e+03
1.846678701160883520e+03
5.474504326559433594e+02
3.454776544016092885e+03
2.722451227569910770e+03
1.248101554377668890e+03
1.584829253526916318e+03
5.155161603551601956e+02
1.036484936778625979e+03
3.364558695455606539e+03
1.945441036551259458e+03
2.550710295028323173e+02
1.305460851446417337e+03
1.240388986313062105e+03
3.408775130271787930e+02
1.080937163072174371e+03
9.110202788937883724e+02
3.154505882780312049e+02
6.355434851911784790e+03
2.771746756750346321e+03
2.559230385889808531e+03
7.008991760159986370e+03
1.262266937918214808e+03
2.701337125356462820e+03
2.378285876704067050e+03
1.281799297467291126e+03
1.135543241569450402e+03
9.353060508237444992e+02
7.836998447747660066e+02
7.179778892230085603e+02
1.034549014420593494e+03
1.025565994526141822e+03
5.655909396620452299e+02
1.105758095108574935e+03
1.976297619065046092e+03
7.134483158787871844e+02
7.044653365686004690e+03
3.868844277202280864e+03
1.764332401551576822e+03
5.828089888691701162e+03
2.563290072265075992e+02
7.800890041375997725e+02
1.412952826298495211e+03
1.773274860656799774e+03
9.207836382234861503e+02
4.193758759896281845e+03
1.031281669959625560e+03
1.166634048204736018e+03
7.703644563351708712e+02
8.484415332307457902e+02
2.488158356273660502e+03
3.278663793012852693e+03
7.948613467702136859e+02
3.143018196648435151e+03
2.970961084605449287e+03
3.188587467061948928e+02
1.969251812423021875e+03
2.489601441063106449e+03
3.956795746553266326e+03
6.697559060982281153e+03
7.345894759434843309e+02
5.762670553524610568e+02
1.121937736310436776e+03
2.494280463265133676e+02
1.194159850316295888e+03
2.636835440018329791e+03
2.492486827052939134e+03
1.435837432731021863e+03
1.649816941611956281e+03
7.926057408153798178e+02
3.200657794069846886e+02
2.055587839486798202e+03
2.830616420828909213e+03
3.554928827818650461e+03
6.976864221465827541e+03
5.211916276465547526e+03
2.170170083511598023e+03
4.000474805276864572e+03
1.644412319926971122e+03
1.505645308623588789e+03
2.487956725011305821e+02
6.155909584526056278e+03
6.290489275013677570e+02
2.966040927369561359e+03
1.220213369852997857e+03
4.316063463829801549e+03
4.573694425774026968e+03
6.752882625290304532e+03
4.855943512935265062e+03
1.398805003898862424e+03
3.557698504530016180e+03
5.744786344257768178e+02
9.359019189612563423e+02
1.704057949561746682e+03
2.029647551000292196e+03
1.784334547877269870e+03
2.169830155641536749e+02
5.513661217720873537e+02
7.466152794606758789e+02
9.795145472336409966e+02
2.769845154974271281e+03
5.772359457959961446e+02
7.405945239426196167e+02
1.441466753841136779e+03
6.757502107509953930e+03
2.123306834880616407e+03
1.939918989146597596e+03
5.796121578309889628e+02
2.224450357770038408e+03
4.893742177389035533e+02
2.479916048309979487e+03
8.648563454728150646e+02
1.293895811998855379e+03
2.492785179027839604e+03
1.156078491069755501e+03
4.590035427656913498e+02
2.538790812098456627e+03
1.109453170965592335e+03
6.716511477357207696e+02
5.473740925285322874e+02
1.292413640976323677e+03
2.811660404735584507e+03
5.763200390731917651e+02
2.849929507393254084e+02
4.840883011453433937e+03
1.914045139025105527e+03
7.758538803795795502e+02
6.918054814288643684e+03
1.716100380988936195e+03
3.002815762723186708e+03
9.303270525299050178e+02
1.944423220484511830e+03
1.954190497926953867e+03
3.574352612349302035e+03
4.458453812459306391e+02
8.726349261461431297e+02
5.531690317538626005e+03
3.304098198444416994e+03
2.321156360287986899e+02
9.947139377899729880e+02
8.031325421471889285e+02
9.543303520734918948e+02
4.563537545524067355e+03
1.907548580247480231e+03
1.013624155482309448e+03
1.374953937247308659e+03
3.496313425186820950e+03
1.010438998313251659e+03
2.186016704550891063e+03
2.532937507384076980e+03
1.068345544129037535e+03
2.286628427147097398e+02
2.312782873917726192e+03
6.587879833395695641e+03
6.462884485464052887e+03
4.476500166671228840e+02
3.559950367507920419e+03
2.679141034556723753e+02
5.703510317759669306e+02
2.780180952616172362e+03
8.589236192531100187e+02
1.992825724138679107e+03
5.303449785188729493e+02
2.039243244834672623e+03
1.682597938798273844e+03
3.226452244579119224e+02
2.115333112752177840e+03
3.007411695257636893e+03
3.580091786139648775e+03
3.585656450697493710e+03
3.247520782142165899e+03
1.032034082386275941e+03
5.564588419845049430e+03
4.500901742947884486e+03
3.228889271475540681e+03
1.162144025895399182e+03
5.318400197158043738e+02
6.760203219388882644e+03
1.897079694747907581e+02
1.164862095858210523e+03
2.310021349828563871e+03
1.022770238603692974e+03
2.469939584956655835e+03
1.265857314086410042e+03
2.897414373285308784e+02
2.456321792000791220e+02
6.364487640767869379e+03
3.606298411318347462e+03
1.099285027277679092e+03
1.980539426102229754e+03
3.003499991982314441e+03
6.827428951658008373e+03
1.946863409749593984e+03
3.883405950671201936e+03
8.906389464998856056e+02
7.855356969378049143e+02
5.760604687706186269e+02
4.698486181676936212e+03
1.290582364065831825e+03
6.269898632631183318e+03
1.037228471833575668e+03
5.120485274361953998e+02
3.735110929621499963e+03
1.929556486071627660e+03
2.959801079621900499e+03
4.847680495889671306e+02
3.028198444884449145e+02
4.463147543679344267e+02
5.478633582562862330e+02
2.405099999087175092e+03
8.938495184564611691e+02
7.726096340617962142e+02
1.238264938977792553e+03
3.363924113352235054e+03
3.536237375690689078e+03
1.316936659270774726e+03
2.837779792270695225e+02
8.538792257187044470e+02
2.527296330825390669e+03
1.542360229716498452e+03
1.706636228425905529e+03
8.795727799446506197e+02
1.951823281193022012e+03
1.528744387135324814e+03
8.329412971273338826e+02
2.554816359387721434e+02
6.580715716480669926e+02
9.494219814817216729e+02
3.373963333064453764e+03
2.695306370466831254e+02
1.155658299498182032e+03
7.357080916209557699e+02
1.844363024119222700e+03
1.888589041859965619e+03
2.114303070452180691e+03
6.346008583778469983e+03
2.792185020007959793e+03
2.220881233232445084e+03
1.852480510032259645e+03
2.410864019210169317e+03
2.288823875944245174e+03
3.007142328133298179e+03
1.810833713852878418e+03
5.766161865331692979e+02
1.275623012282733498e+03
6.941343826574245213e+03
6.269935712481030350e+03
6.939439873874255227e+02
1.103814352290708712e+03
1.881519647407033972e+03
9.709793412238719839e+02
2.258740187089195388e+03
2.752403350389974548e+03
2.138445030190279340e+03
1.233192590339931940e+03
1.248713393527061726e+03
9.589515306680400499e+02
6.315483132757033673e+03
1.359842023133929615e+03
2.839249000855761551e+03
5.058169147126714051e+02
3.586294247632432416e+03
6.911490626350939237e+03
5.739647922055685285e+02
1.983578217836279691e+03
7.774133395915155234e+02
1.270770545004661699e+03
2.531363070722998714e+02
3.819456048147044839e+03
2.642482459702285269e+03
3.017335102159427606e+03
1.205776936489062791e+03
1.092374996935975105e+03
8.287133642556646009e+02
1.607951650876869053e+03
2.138818293668799697e+02
8.520413575400747277e+02
1.806452563284333792e+03
3.248442241188531625e+02
6.875114599979599006e+03
1.050883379105463518e+03
6.455343446801965911e+03
3.316864956511317814e+03
1.762127477217955175e+03
1.969172566448068210e+03
5.284947048670070217e+03
1.113632858691047886e+03
1.210775601170529626e+03
1.183774514196059044e+03
5.758102120149035272e+02
2.809008090454846069e+02
1.356593675385392316e+03
4.134868694311160652e+03
2.779816591886371498e+03
1.917430487847431323e+03
2.846955950835822478e+02
2.919124766734981222e+03
2.231103787481893903e+02
8.430936082978732884e+02
2.124125329307022184e+03
2.561329496894279146e+03
2.802592414663480213e+03
2.506234397814954718e+03
6.927245666099754089e+03
8.405464322766433725e+02
1.812560682366759920e+03
7.063567663806796190e+03
6.189476762141428026e+02
2.197602842106884054e+03
3.192441674660261697e+02
1.142118158290703377e+03
2.870547391387032121e+02
7.439901217381875540e+02
1.831307787889145402e+03
8.830170117581941440e+02
1.373838829943501878e+03
7.439811783925545114e+02
2.195143435349114952e+03
1.386262106882606986e+03
1.707230794496172848e+03
7.058209492602771888e+02
1.493626332734466587e+03
7.566751282794666622e+02
6.262077733114039802e+03
1.923571752719588858e+03
7.382588417646741163e+02
1.433242625052855601e+03
3.259459404785779043e+03
6.834789634614496663e+02
4.410983819356318236e+03
2.283838032398276710e+02
9.663704864898551250e+02
2.505681021193765048e+02
2.448609119362251477e+03
1.403989681134297825e+03
2.498720049249064687e+03
2.306588165330004813e+03
3.409147529518574629e+03
3.703530620218482909e+03
3.875973269165601323e+03
2.615115001779207887e+03
2.303635059414516036e+03
1.760472281955434028e+03
2.705317707775957842e+03
2.317647254721957324e+03
1.776691437683638696e+03
4.409128284421865374e+02
2.346928823754305085e+03
1.151223731582996152e+03
5.765973027448308130e+02
8.753220794826222573e+02
2.444858960930026797e+02
2.663072194052281816e+02
2.308976738721491529e+03
5.102863207382305859e+02
1.736094946111347554e+03
2.252895210354299252e+03
1.722040197176534321e+03
1.753747162354586862e+03
9.917194727567768950e+02
9.077852454627172847e+02
6.418637082185558711e+02
1.147662206395128578e+03
1.930838908415081278e+03
5.270340608318686009e+02
6.341007481197580091e+02
3.186875785131690918e+03
5.788545827840794118e+02
1.748491171124797120e+03
1.401157266221006012e+03
3.220821895440848493e+03
1.956519059085692788e+03
6.638782837582934917e+02
3.884404469305364728e+03
1.700625719065534213e+03
1.758679558413268296e+03
8.037219132921225082e+02
6.724786731770787810e+03
2.591092222318293352e+03
3.778165648128417160e+03
1.519290656936212599e+03
4.286988927764434720e+02
2.448892532858011464e+02
5.476195493785359076e+02
1.582697825256753276e+03
2.738350183916787500e+03
4.905198492017096214e+03
1.258903114218025394e+03
2.400227548667985786e+02
1.086354836832536876e+03
8.364719993980905883e+02
2.628212365027414307e+03
8.596729963883959726e+02
2.592230850589558941e+03
1.482904694051029765e+03
6.791588231190272381e+03
9.104518125773740849e+02
1.235961418587981370e+03
4.338387802429182557e+03
3.270082662317117865e+03
1.135424269253226157e+03
5.665484146971035443e+03
3.173550768298777257e+03
2.641531313581735958e+03
4.896511233895666010e+03
1.410770816449844006e+03
2.546377337366323900e+03
2.681437858616159247e+03
2.859391470120464874e+03
2.519442377313987720e+02
1.577138363935730695e+03
2.748639377129695276e+03
5.454517999082140705e+02
1.889058386278518810e+03
1.901529365370740834e+02
2.458150837704285550e+03
2.667301129099518221e+03
1.823976684786554870e+03
1.555255762523459907e+03
1.159220826490005948e+03
3.210395030949461216e+03
8.857870606422047786e+02
3.269435242235676924e+03
3.113589374186994064e+03
1.294334508320830992e+03
4.500436233758347839e+02
1.890902085101231933e+03
1.337255543734757339e+03
4.603606854810246887e+02
1.701980949580700326e+03
4.800205015407636893e+02
1.006951396669078576e+03
2.829866890571877775e+03
6.519624480981265151e+02
1.084765296421365520e+03
1.759501417735681628e+02
7.442624861555078724e+02
6.694290427509145957e+03
1.889657559589646326e+03
6.186436610212211917e+02
5.021944927058149915e+03
1.557217456215666061e+03
1.741841472992209901e+03
5.553805299057258935e+02
3.585914271766706861e+03
1.141044931286525980e+03
1.796801143470573152e+03
1.255921240062996276e+03
2.347946772733822399e+03
4.974289798354082450e+03
2.561683890424286801e+03
4.367555609755443584e+03
2.423500139251420933e+02
1.939646324818338826e+03
5.706078740374754261e+02
2.663568832096337701e+03
3.317276607964998675e+03
9.593884335465011191e+02
8.426298466052752474e+02
9.125383637881199093e+02
6.893623614680924220e+03
4.008302639109400616e+02
9.421103006164581757e+02
8.421559265395662806e+02
7.941564718301917765e+02
2.513842455994244574e+03
8.410624094743143360e+02
2.773706634153949381e+03
9.864486333022451845e+02
1.907322310193467956e+03
3.015809481745017365e+03
8.163314286227089269e+02
3.433655630484706762e+03
9.698628994820431899e+02
1.468817360711343554e+03
6.198864250167278442e+03
4.010257248068202784e+02
2.470645819175474116e+03
1.136898288564893846e+03
9.111745545677300697e+02
1.441519057408617300e+03
2.217556911658709851e+03
1.608831640277572660e+03
6.251080017145363854e+02
5.753411911597718245e+02
1.223758147041697612e+03
1.138663785621452007e+03
2.534437450866280869e+03
3.656630919929542870e+03
1.489202774130883654e+03
3.893737884777046474e+03
3.961158465186935246e+03
1.655453969941543164e+03
6.877951462778684800e+03
2.472701395487084937e+03
6.376593005305664974e+02
7.075261989054263267e+02
8.613435044742807349e+02
1.604639719960212460e+03
1.340489893788344034e+03
3.220670597927369272e+03
3.528711673365267416e+03
3.009585955621993435e+03
2.466308840204848821e+03
5.163964259021283851e+02
2.310650570462758424e+03
3.371067797978091107e+02
5.725002965499814991e+02
3.930029988362407494e+03
2.331109568015790956e+03
2.856970110274707622e+03
5.471314427174927459e+02
6.084971319966260808e+02
2.538476565570255389e+03
2.248360005145702871e+02
5.016536924675610862e+03
1.704530662665792988e+03
2.479186988566553282e+03
4.639036425202517421e+03
2.757406461363872268e+02
7.479780241676248806e+02
2.858168003422024412e+02
3.277661531528068735e+03
2.519725954695643850e+03
1.006924215433843870e+03
3.204426477473609793e+02
9.821717580349352374e+02
2.686187289607767980e+03
3.311968843008317435e+03
4.553299591049650189e+03
7.757499658027504665e+02
2.901782893314889407e+03
5.183414817469528316e+03
2.295759331172544080e+02
2.337560261752014412e+02
8.510172461957793075e+02
6.748911177600028168e+03
4.758125185054392432e+02
1.592058528522854431e+03
3.212821324979111978e+03
2.346577465506088060e+02
6.255289209000732171e+02
2.307181126833133021e+03
3.583003489628390525e+03
1.915344351152194577e+03
5.770773620962924042e+02
4.889164486228954047e+03
1.973942449643851091e+02
1.885694175237507807e+03
4.803616647872548810e+02
2.081425870560011390e+03
2.416452540598251289e+03
1.172223192131980795e+03
7.328835843030425394e+02
8.293741209453679630e+02
2.328056271073865901e+03
2.346420531967470197e+03
1.194815672259165240e+03
4.306334825641406496e+03
2.852530677391621794e+03
2.121008757265591157e+03
2.606533407691824323e+03
5.824261951225655594e+02
4.732175941393162475e+02
2.058665598046276500e+03
2.746699556229044674e+02
1.117499493520906526e+03
1.127722222764533853e+03
3.098473286658322195e+03
3.514937208967591687e+03
1.061161369225030512e+03
4.936419854842675932e+02
5.744563143088402057e+02
1.391711177320062689e+03
6.755731518767056514e+02
3.075789997706073677e+02
5.578970149116707944e+02
1.670528882743058375e+03
9.854747914368930424e+02
8.928195979531543571e+02
2.634629861100235303e+03
1.518108317536632285e+03
1.362769728360670570e+03
2.079162277368319792e+03
2.693828960632573853e+03
3.304283683604477119e+03
3.884431982946653534e+03
2.563178921842929412e+03
1.966230959139840479e+03
1.237768924679533256e+03
1.391300010124308756e+03
9.025498090040670149e+02
4.486271290861568559e+03
9.046886161552233716e+02
4.738933419092400072e+03
2.903813954528123304e+03
3.496665199268820743e+02
1.621306417598035296e+03
2.469423620335370742e+03
6.893800928124717757e+03
2.335835214240016171e+02
1.906785257343025819e+02
7.425103814786591556e+02
1.994172379474634454e+03
5.775715880351206124e+02
1.065191839974368122e+03
2.244539117439579968e+03
1.862323691112199640e+03
3.711682005670317722e+03
8.215105324477384556e+02
2.798382968045959842e+03
2.174865990090489959e+03
6.566259821455620113e+03
2.866535516045687018e+03
9.152474599501028933e+02
2.206533459318175119e+03
2.068119904494205912e+03
3.494582193712992193e+03
1.212276522793031745e+03
2.343415192860635671e+03
5.261707839608349786e+03
2.740546367578486752e+03
2.803891913000545628e+03
4.081815043582723206e+02
4.065986410305318714e+03
5.688126440682740395e+02
1.774243372103392858e+03
2.605920529132111369e+03
6.989474348318795819e+03
1.936645739286340813e+03
1.962456263611634768e+03
1.386440581628708969e+03
3.849959198491966617e+03
2.595759368373165671e+03
1.361835471912395860e+03
2.048506149278242901e+03
5.415670414224657634e+02
3.259513677229161885e+02
5.294238466279114164e+02
3.868543505384531272e+03
3.202497240165793301e+03
8.259249169527338381e+02
7.670783461092855759e+02
1.060241230602952783e+03
1.795277129264294672e+03
1.838222676059001969e+03
6.595790722459457811e+02
8.501624334127482143e+02
1.505055598391964850e+03
1.195447894999170330e+03
3.735384121883980697e+03
6.398935113028198430e+03
9.770137292834215259e+02
5.295299754442444282e+02
1.149679114751649195e+03
5.474504326559433594e+02
1.360168752493479587e+03
5.923250096498663879e+02
1.358898721277035520e+03
3.560523233475603320e+02
7.317076249452939010e+02
1.897619044637986917e+03
4.218395014710383293e+03
1.065050130387124227e+03
6.866249198376123786e+03
1.715433120346736132e+03
5.300130620131876640e+02
2.011787558623489076e+03
2.125704721129974132e+03
3.198833767766086112e+03
2.407353503629426086e+03
6.625681771741418743e+03
5.474504326559433594e+02
1.114425373637519897e+03
1.635381620751534456e+03
1.051151234720963657e+03
2.567782798268617626e+03
3.311272419490268021e+03
1.426269250428555551e+03
3.266069946374627307e+03
6.520871819051258171e+03
3.475468790969603106e+03
2.377012819861043056e+02
2.761459189016552955e+03
2.988621680986572756e+03
3.244251746122439499e+02
1.021306423528741107e+03
2.298231681889744777e+02
1.412981107661319129e+03
8.830894943200605667e+02
5.748789449213711123e+03
2.424777554328025417e+03
3.223474402888293298e+03
3.640226011899547757e+03
1.970415983492726355e+03
3.614659437425821579e+03
2.417466390560640775e+03
2.910995376383377334e+03
5.283635001920382592e+02
5.780783733797911736e+02
2.297351441177711422e+02
2.148006350282262247e+03
1.259308582895867630e+03
3.271671049983494413e+03
1.485006142105655272e+03
1.978966863027324735e+03
1.858108887474700168e+03
1.874224728512166166e+03
1.686303917369308692e+03
1.908897111841507240e+03
3.595309322762524971e+03
5.476725101841949481e+02
4.390649047094511843e+03
1.264024326655231562e+03
1.043490972101525131e+03
7.283024193319638471e+02
2.119031920128277761e+03
2.356029392321815124e+02
2.123264082755504205e+03
3.176453470460086010e+03
1.691783944394239370e+03
1.015397489035379976e+03
3.801406653006842475e+02
3.156173432583927934e+03
3.124256368495681500e+02
7.336088240263983380e+02
1.792589375316470523e+03
1.075621946949970152e+03
1.211535737039622745e+03
2.742208509164609950e+03
3.431513445832239540e+03
9.028507373064004469e+02
1.327121119741264920e+03
1.268997933767414906e+03
6.918325777828074933e+03
6.251065120535353344e+03
5.767534670110613888e+02
2.682267405439952199e+03
7.693347882500481774e+02
2.439640957225051352e+03
2.933451757736593208e+03
4.587139442796771618e+03
1.948654979343865534e+03
7.503500549362324819e+02
5.396372808477397029e+02
8.339472360107953364e+02
1.706009202701280174e+03
4.074188032853826371e+03
8.494781028848829010e+02
9.408638870495203719e+02
6.601092473592568695e+02
1.399474567221322332e+03
1.812910626245796493e+03
5.495630508583749361e+02
2.668205792391153409e+03
1.992177917917580544e+03
1.486379957394186476e+03
1.577224990741735269e+02
2.444471177531218018e+03
4.123580844999766555e+02
7.822228861753218325e+02
3.559591843473407948e+02
3.500388180440456381e+03
3.903654701442601436e+03
1.587365797712867334e+03
3.120544513235228351e+03
1.618359980017050930e+03
1.856414884294905278e+03
3.788413801222702659e+02
1.678862000872464250e+03
2.511088003445675440e+03
1.717002653472412021e+03
2.660025892852239849e+03
3.683805355304660679e+03
1.092810806167986357e+03
1.857466647072022624e+03
3.868806507954228664e+02
2.730380471717665387e+03
1.927719505029075208e+03
7.460914377205931487e+02
6.927449268592258704e+02
2.483827455327698317e+03
3.450332439699389397e+03
2.784861073362400930e+03
2.508279914229612132e+03
2.164850062902600257e+03
1.271728914234325885e+03
7.411932163324049725e+02
6.803943916385679813e+02
3.611082164882886445e+03
7.658031922609145568e+02
6.342091341322576454e+02
2.936771107091843760e+02
2.429662973411343501e+02
3.137973663628109534e+03
2.455252467692910614e+03
2.838139132601880874e+02
3.960986691468481695e+03
1.530914757905175293e+03
2.122172827149121076e+03
8.707795800124827110e+02
3.013593334210836929e+03
2.925612912653089097e+03
3.539852067920375589e+02
4.440399728925253839e+02
5.988191003855507915e+03
2.239410250945484222e+03
2.295906860358311405e+03
1.237260319894984605e+03
7.498110968359178514e+02
5.870717886464801722e+02
3.944763381549155952e+02
6.824471999645221558e+02
2.161688348984479035e+03
9.687058626417336882e+02
2.797121121973375921e+03
2.089361482140890075e+03
9.523149861732480304e+02
2.968603325154266258e+03
8.837057235945578668e+02
1.603584528205036804e+03
5.753848604339750636e+02
2.496615832247213348e+03
2.451772889600684721e+03
2.661509430855900519e+03
3.589073405271010415e+03
6.443442018100987298e+03
1.148909703149724919e+03
2.186707307615106401e+03
3.309717950606922386e+03
3.486480075177638355e+03
3.395884470897216261e+02
8.947760221666947018e+02
5.763258582697553720e+02
4.806771013520917677e+02
5.182695081054410366e+03
1.024872872979100521e+03
2.979649558709644680e+03
2.813064647762438199e+03
3.158625429515896940e+03
1.259354405990191935e+03
1.896381925027819989e+03
1.808746564907105494e+03
1.367029412482536372e+03
5.181831221233952647e+02
3.023143519935590575e+03
3.072204534280920711e+02
1.759265407418067298e+03
3.777997341414764833e+03
6.766767675601919109e+03
8.761229255143438195e+02
1.365212580784095735e+03
3.447482079002543287e+03
5.879041337521570313e+03
2.993088519775213172e+03
8.829789433836556327e+02
2.953981916900756914e+02
1.920362768245241227e+02
4.456806456366729776e+02
4.849066747647127613e+02
6.128574988947837028e+02
2.131287557752308658e+03
7.739113455946521754e+02
1.796400929373283816e+03
2.787902932580564993e+03
5.766242892961447524e+02
9.577700799600704613e+02
2.534172030533015459e+03
3.708914412754165824e+03
2.653293324290238502e+02
6.700250161273530466e+03
1.737762444495130239e+03
3.270451289704952160e+03
5.861172023464118865e+02
8.113472174217174597e+02
4.008793167505032216e+02
9.876584878065602879e+02
1.725148797116466540e+03
2.180968350086520218e+02
8.431877640248432044e+02
6.551413512003368851e+02
7.685209983998238386e+02
2.480326960225364132e+02
1.740271822107416256e+03
5.763806528817782464e+02
5.465694532468539819e+02
3.476822852415537000e+03
2.103870484173622572e+03
1.891605593445602608e+03
2.398941395188043771e+03
4.855336080725377315e+02
1.508395749728165811e+03
9.361834660208994592e+02
3.229821912828774657e+03
2.396541784358713016e+02
1.271265589477026879e+03
1.347618225477347096e+03
1.135683845525868037e+03
5.925976098240830652e+02
9.356157763603968078e+02
1.300641781932436288e+03
2.343509525006479635e+02
6.944065885402574168e+02
3.930066915173272264e+02
2.580962629199299045e+03
5.899272349329718281e+02
8.629052640883296590e+02
1.744254253720995621e+03
1.935127359553029692e+03
2.288005913630480791e+03
8.630699459948460799e+02
1.344536523499770965e+03
8.389105224057598207e+02
5.068063128203575616e+03
1.920817129183456473e+03
2.451680070157730711e+02
2.975181916922108940e+03
2.354077465645122174e+03
8.241694431340979463e+02
3.875731264502446720e+03
1.642780859343933571e+03
1.307631603709076444e+03
2.158730042231365189e+02
7.244759553599378705e+02
3.064935863467796935e+03
1.012188703120282639e+03
1.121490894321403857e+03
1.215260298695799975e+03
7.879005859606988906e+02
6.765705503517772286e+02
2.499378594349173909e+03
1.884911485332174834e+03
2.998921353491015907e+03
1.409375966168122886e+03
1.687638901419949434e+03
2.077563196242448157e+03
2.082547305240705100e+03
1.227918461322060921e+03
4.288728698031234671e+03
8.751396022730732511e+02
3.695168748648547421e+02
3.226400991846611305e+03
2.643023434064996877e+02
6.150079083875615652e+03
2.789684450142218793e+03
2.240156524533012089e+03
7.282632577479727843e+03
7.192708780079165081e+02
5.078292025117839898e+02
3.328935201407003206e+03
2.110707534206672335e+03
6.743507203605884570e+03
1.573702529640411285e+03
1.357914793976888859e+03
2.142419757617359664e+03
5.209133276561681214e+02
1.733897638912254024e+03
2.676085378144315655e+03
2.489309849967145510e+03
1.320493377474351746e+03
2.066726738134740344e+02
2.145038440783390797e+03
1.212831157488815734e+03
6.222356849576834747e+02
2.894441326427082458e+03
1.620478586851609862e+03
2.519175493897565957e+03
3.224463778867133442e+03
2.318706725772734899e+03
6.082109960973334637e+02
7.136265802475009878e+03
7.732418144200661345e+02
2.516142965111011108e+03
1.992681195261807943e+03
2.018444766289897871e+03
1.345313953174017570e+03
2.403589780391337740e+02
2.052805845479922937e+03
5.288153169512704608e+02
1.436880125608126491e+03
7.803791667984586411e+02
9.609774298664583512e+02
3.067092294496049362e+03
1.634768791233109141e+03
4.089948594848862285e+03
2.477179666770642257e+02
2.858096843015724971e+03
1.234115959932857322e+03
5.121983370760661956e+02
7.985187251342707668e+02
4.691810612775671871e+03
1.609151363842840965e+03
3.186725428274382466e+03
3.219657271342584863e+03
5.391012060542202562e+02
2.711683795667911454e+03
2.868742712608865531e+03
7.014565950403266470e+02
3.052130101197148178e+03
1.371363240026033054e+03
3.875437734713143982e+03
3.507064192715164609e+03
7.641741965289801328e+02
7.271394093875164799e+02
6.476666235817112920e+02
1.198061512609856436e+03
6.998000280546533759e+03
6.615716465088577024e+03
9.011506251199705275e+02
6.839878873299387578e+02
1.227899567493395807e+03
6.377695739846544711e+02
9.407936306532436674e+02
7.550866692297191776e+02
5.961848633200959284e+02
2.530511814033285191e+03
6.737357770704275026e+03
9.820864135810536482e+02
2.571189381766773749e+02
1.354887437141856026e+03
5.471639129809782389e+02
3.226058968691449991e+03
2.696008067930686138e+03
5.433038646813977266e+02
2.608758371323157917e+03
3.820748644265224812e+03
7.184807228844324527e+02
1.687797417139918707e+03
2.699024283468617796e+03
1.937140347388521832e+03
6.783553712983442665e+02
1.752160439919372720e+03
2.633177165357846661e+03
5.283241321006515136e+03
9.908758225341404113e+02
2.695648409652165356e+03
2.067302776914587866e+03
1.026642617393914406e+03
3.298868133159552144e+03
1.884723865693989410e+03
5.678989734557817428e+02
1.912803004290712181e+02
6.722803148704915657e+02
3.632275737170852494e+02
2.887404591693998100e+03
1.629210897980805157e+03
4.075124227364036415e+03
1.049625542411729839e+03
1.962603382230038278e+03
2.683208247675464008e+03
3.383058809778675823e+03
2.538722690675970625e+03
3.156953450187032558e+03
2.756073788033574147e+03
1.745661899544151311e+03
6.150729102854376833e+03
6.602836650325605206e+02
2.439551701280898328e+02
2.819569275134349482e+02
1.105647131060393349e+03
1.634994798346157495e+03
5.838291026630971828e+03
7.011595184499245079e+03
6.267580913323761706e+03
9.217776135427195641e+02
3.103856773937470280e+03
5.969389218210158106e+02
6.704625826643334221e+03
2.096493603383331674e+02
1.192270216485173023e+03
4.657316281937644362e+02
3.158628349025767875e+03
3.110884737759550262e+03
2.773629102664203401e+03
8.699400359980718349e+02
1.001399351808397796e+03
6.601254766208317051e+03
8.057799761488021204e+02
1.631032865861989194e+03
1.548246470769242478e+03
1.145634388856594342e+03
4.284224148224566306e+02
6.418399166941062504e+03
2.942521956958298688e+03
1.154395434994396510e+03
7.186065001149679119e+03
6.652353102438660244e+03
5.888107614655355064e+02
8.393897779644607908e+02
2.783213376989534027e+03
9.196758779668166426e+02
1.856925060407327237e+03
2.414462424895557888e+03
2.871461998982251771e+03
5.711089186425610023e+03
6.253843218551387508e+02
8.158212300230807159e+02
1.203725132061671047e+03
7.768409256538247973e+02
2.638658771111821807e+03
2.965859804971158610e+03
2.778487205687429650e+03
6.885928981884717359e+03
4.440864879840958110e+02
7.054604268775763103e+02
6.840930929007777195e+02
4.009382084915640689e+02
1.262021112011965442e+03
9.323885450041241256e+02
2.682758843982496728e+03
2.856639906600786617e+03
1.268869554670384332e+03
1.107512019916771351e+03
2.220060809096601588e+03
1.236221333596224440e+03
2.696510118894767402e+03
1.646331980271822431e+03
5.246384480480155617e+02
1.229914111381409839e+03
1.253400593689558036e+03
1.057349099012988518e+03
4.100825603167676491e+03
7.397766415189329336e+02
1.502819949715561506e+03
2.893229786196103305e+03
1.007469842386698247e+03
3.396929953979420134e+02
2.968761924272946089e+03
8.667332062437474178e+02
3.143270282848277020e+03
2.422827111029983826e+03
1.776830264257561112e+03
4.394585246912274670e+02
1.313427580724938252e+03
3.351992108507354260e+02
8.791138263562664861e+02
8.803678438682514980e+02
3.181260252358560592e+03
3.158086077435793868e+02
3.837769445833374903e+03
1.014276945337320058e+03
3.895745758432362891e+03
2.618620561723763785e+03
6.126984069267098221e+02
1.914972162051968780e+02
2.929711610396590913e+03
4.269800746356413583e+02
5.112803671968797516e+02
8.891204528228174695e+02
5.913644381118540423e+02
2.940981890840474762e+02
1.557084893158276145e+03
5.607921116983748107e+02
6.726800958491680831e+03
4.842537979455036066e+02
1.158655313996768882e+03
5.456933581421969848e+02
2.094413613414271822e+03
1.279514994834417394e+03
3.639617224557604459e+03
7.047991729596310506e+02
5.630604920123620332e+02
3.948081164247689685e+03
1.110877479403283360e+03
1.083895933588803473e+03
1.159913077685138433e+03
1.897934589264496026e+02
2.037603648798311497e+03
4.053237292529611750e+03
2.600434040369778813e+03
1.633939204231204712e+03
6.303176914823722655e+03
2.140836394127537460e+03
4.183591273908736525e+02
2.805308487630661602e+02
2.068703277219376560e+03
4.262115036408713422e+02
7.366346960585304942e+02
2.511190868989338924e+03
1.113385822273485019e+03
1.786065202687224200e+03
1.879709229498998411e+03
2.177601133070584751e+02
2.341681428771627793e+02
2.492920099201686753e+03
7.315455359880322703e+02
1.002144274433488590e+03
2.470320960626731903e+03
4.642939625565573465e+02
6.394415576375355158e+03
3.983409684351749092e+03
8.082468089263660431e+02
2.984954289269657238e+03
1.155870412434367154e+03
2.545887283837083714e+02
1.544343980877820741e+03
5.753202610227842797e+02
1.453624010628160704e+03
3.844899241724448984e+03
9.131231540796004538e+02
2.971629123314216940e+03
3.729648438906368938e+03
1.425473582300056023e+03
2.625008149504288326e+02
5.191630703540627110e+02
2.216054879729845766e+02
2.443784304741093365e+03
3.482131104266568855e+03
1.772861626164742120e+03
2.778190133171354319e+03
3.602642131199113464e+03
6.570560018041840067e+02
3.431625121557628518e+03
3.006090855456923236e+03
4.887822851879093946e+02
2.375060350663797180e+03
3.032846201820497754e+03
1.623101972349144035e+03
8.769769620047165972e+02
5.234172256885743764e+02
1.568427701654640259e+03
1.641966545819327621e+03
7.865143770332595068e+02
8.312386021631627955e+02
9.436143133816373165e+02
6.913050230272317549e+02
7.650997587335928074e+02
2.032140576763900754e+03
9.930931229275539636e+02
9.108849944132854262e+02
1.642353740203813231e+03
4.219984470642582892e+03
9.892081228966208073e+02
9.424795411110110308e+02
5.618943092730737590e+02
7.896106245891346589e+02
3.232210872153737000e+03
1.698921908313706354e+03
2.817243062127005942e+03
6.816791061077234190e+03
1.084123579073972905e+03
2.687519984628524412e+02
3.391471571579690135e+03
2.822224853965197440e+02
1.540534966885001950e+03
2.268625149690576109e+03
4.591367888982522345e+02
5.668471497483099029e+02
3.238468672268256796e+03
3.355549260818629591e+02
3.649915243035299227e+03
2.577133970546584806e+03
4.252808566778217937e+03
1.118200948356204890e+03
8.691261670952385430e+02
4.052264187995607472e+02
3.230109591824778363e+03
1.496354684606954379e+03
1.213163871980531894e+03
1.475814511384359321e+03
9.984259312272495208e+02
6.026221289441594308e+03
3.651243606130894932e+03
1.396783326497498365e+03
3.064679352957748051e+03
2.731985815674083256e+02
4.488625872590211657e+03
1.236721504309107331e+03
2.667373292320245127e+03
1.656820773972619008e+03
1.407827667100576718e+03
2.982980019861343862e+03
2.959558919595910993e+03
1.332778577377913280e+03
2.405885365265377800e+02
2.767977716392356342e+03
5.648062688235352198e+02
2.090283603394154397e+03
7.034467367889740672e+03
2.822379740624465967e+02
1.779963921113559763e+03
2.612306510980671646e+03
3.740955906471028356e+03
5.759751410465546542e+02
9.300742852260075324e+02
2.388731393428430692e+03
2.291006749762977108e+02
6.594477485939678445e+03
6.491924842619964693e+03
4.101740771730346751e+03
5.239594193371318397e+03
2.909727098418452897e+03
2.956099976978750419e+03
2.330021776693452921e+03
2.563893625655254709e+03
1.159597151371578775e+03
6.354366285827388765e+02
3.742584041758106537e+02
7.205047355758243839e+02
1.274613803281463788e+03
1.980663398249022862e+02
3.211237993122589614e+03
1.201476662711733979e+03
2.897073562107200814e+03
1.224211024900711664e+03
3.043882589584081870e+02
1.307059489264311196e+03
6.656036113830850809e+02
1.119758268211219047e+03
3.431258436253557193e+03
6.345463288688806642e+03
1.697640941389540330e+03
2.035091901332959651e+03
3.780879038159234369e+03
2.750297215478928592e+03
3.529620326419130834e+03
6.872575287630601451e+03
1.982441722701325261e+03
1.861183412801126906e+03
1.100310926909537329e+03
1.223459654652836889e+03
1.407215898285527601e+03
2.311844839914871045e+03
1.813265877259563240e+03
7.130867049722502998e+03
2.959607023787761136e+03
3.573795026198331470e+03
1.570167419388240432e+03
3.248022186545331351e+03
5.391112775713253313e+02
1.072676737833031666e+03
2.486525636413794928e+03
3.407152986310748929e+03
3.474739714731337244e+03
2.713707140364311272e+03
1.463923861396490793e+03
7.667147091791616731e+02
5.234380124062982986e+02
2.490378602025180044e+03
8.268664585274968886e+02
5.378844795384749204e+02
3.133522476296047898e+03
5.759852066949484879e+02
2.627925348770781397e+02
6.872921243641085312e+03
2.054570047156591045e+03
3.870876204759693337e+03
1.039388984225018703e+03
1.572512710730183926e+03
1.756238364823946995e+03
7.613331325697979537e+02
4.693880965826559077e+03
1.168342493483092767e+03
5.099747497117695048e+02
3.137163531775279807e+03
2.954452225192544574e+03
3.455729904841186908e+03
3.053765772356728121e+03
6.539786485102645202e+02
1.576775848767577145e+03
2.991381584516149132e+02
2.941450427448840401e+03
7.063933208849939547e+03
7.034853372895970551e+02
4.771761602177957116e+02
4.175688334479778860e+03
3.595430751521842012e+03
1.307118117510055527e+03
1.426034843430984893e+03
7.604410601384520305e+02
6.043883398596867664e+02
1.218228245272011691e+03
2.037942782079065182e+03
1.913328597709322821e+03
2.764138467686153945e+03
9.632681946047098336e+02
5.422126701565284748e+03
3.230469298783864360e+03
2.810683557282357924e+03
9.028638109576106672e+02
2.739291728149404662e+03
2.746371291887773623e+03
1.021504547694952635e+03
1.881735460228207330e+03
9.185399370324919346e+02
3.473189591771753385e+03
6.472327168160176370e+03
1.284738400461925494e+03
4.855034416992112938e+02
4.601231201952649030e+02
3.721930549566423906e+03
2.619264538279543899e+02
5.988276749889124630e+02
1.820946112098136837e+03
5.054706505199067124e+02
1.875399955698488384e+03
2.812191977612692426e+02
1.757300870424772938e+03
1.039388287370115222e+03
1.434746717353297754e+03
1.563145121704450730e+03
4.536380785696769635e+02
1.656440369603407362e+03
1.502612054514966530e+03
3.017538549730656996e+02
1.531116057598504540e+03
7.036928283796890355e+03
2.383771852968413441e+03
9.163949789310398728e+02
4.250598066498673688e+03
3.424480430438987241e+03
2.418754706143956810e+03
8.042099496772800649e+02
2.124251346668962469e+03
1.857241951069475363e+03
4.174430673798077805e+03
3.601900963010080545e+02
3.401983453202694818e+02
5.615047156254859146e+02
5.888639753558386474e+03
6.913827813027550064e+02
6.794670375690134279e+02
9.515739364317938680e+02
9.370282627507007192e+02
3.212957381691609953e+03
2.375165849281926057e+03
2.758584813866363675e+03
2.073437257905869046e+03
3.890225888098726500e+03
1.881628273566737789e+03
2.117533660942407096e+03
1.696402131065964113e+03
2.795567395585695522e+03
1.375150557153126556e+03
7.992258406766463850e+02
3.113895422917487849e+03
4.976449742630830997e+02
2.964833589770692925e+03
5.793793443065126667e+03
9.172189618287861776e+02
3.099314303949153327e+03
2.224825927679926735e+03
6.471608271396320561e+03
2.356691761730327926e+03
2.251619975205696392e+03
3.224535747451419866e+03
1.853197912269143217e+03
1.776873053884010460e+03
3.337553558997062282e+03
1.033755877467152459e+03
1.166768082559462073e+03
2.569763865091334992e+03
2.965372721712185012e+03
5.663176289943376105e+02
2.940173250702591758e+02
5.472260053416716801e+02
6.612855265611399318e+02
2.441836987842881172e+03
1.527997852082424288e+03
2.289857108018977215e+03
3.245062387092134486e+03
2.830020676920360984e+03
2.721704899259603735e+03
9.792930483756895228e+02
2.371950246298018214e+02
2.188064530893894243e+03
2.479249732922285148e+03
4.500192598389053273e+03
1.706350928802362205e+03
5.145634243026278455e+03
4.009098260742241564e+02
6.302716459926439711e+03
3.074873444268579306e+02
2.675694752965919179e+03
2.475892218605933522e+03
2.234064824948362457e+03
3.465854155941004819e+02
2.180360897513147847e+03
7.675129285536809221e+02
5.071110742172389791e+02
4.627205682398113140e+02
9.867021150957054942e+02
1.814312414884839200e+03
5.525772517015197081e+03
3.082859359942690389e+03
5.476725101841949481e+02
3.220982205840618917e+03
2.589585261238776184e+03
1.568457155119709569e+03
8.794824991732047010e+02
2.235595889799105294e+02
9.848780051443666252e+02
6.338297721157127853e+03
2.324693745618884350e+03
7.103172664701559142e+02
1.997710554283545434e+03
8.263741637583900683e+02
1.787082104415461572e+03
2.286188990644004662e+03
3.304802128933607491e+03
5.571699980528286460e+02
9.147965507561389131e+02
1.306982419843257503e+03
1.041573506948977865e+03
2.003839766494180822e+03
3.210936320275940034e+03
3.445635065144321743e+03
1.028432402416045306e+03
1.096320176840871454e+03
6.660700251946708477e+02
6.796131878720954774e+03
1.871462473675373076e+03
6.976376775746950898e+02
1.715496183768311766e+03
2.690099627330398107e+03
2.170570099072055200e+03
3.295501943220100429e+02
1.104942533319637960e+03
6.949107928096585738e+02
5.472958671525435420e+03
3.416573015964259412e+03
7.154139431915361911e+02
5.748878490995405173e+02
1.719882730105415021e+03
2.089738256073474531e+03
8.737388776371137737e+02
3.863541610894359110e+03
6.806540786332534481e+03
1.770804516307463018e+03
2.164188383165993400e+03
2.252477122068099220e+02
1.997329831749682853e+03
1.208444109880865199e+03
1.670144558701504138e+03
8.760295399528562257e+02
2.168540236271412141e+03
2.443607489290656304e+03
2.503072509336185249e+03
1.517365083115982088e+03
2.026820747730474295e+03
3.572287733146796199e+03
3.453150367942884714e+03
4.746412793890617081e+02
1.740969095717806340e+03
2.679615796358785701e+03
3.230504475022786210e+03
1.167928826752111036e+03
5.430400842482198414e+02
2.278669482429241725e+03
1.305263498172345408e+03
2.890252835183884599e+03
2.277634793283121326e+03
4.183692634361270393e+03
5.006072014066129441e+02
3.213658612630802963e+03
2.035144352400968501e+03
3.281976109006777278e+03
4.670559486229806225e+02
3.119116048550366486e+03
2.216097168320339733e+03
2.049140352917102518e+03
4.504098425762919646e+02
2.524349878020488518e+02
1.291173580289315169e+03
3.302777973228078736e+03
1.189568979915670752e+03
1.695203692928188502e+03
1.614451502018739347e+03
4.694402322982849114e+02
7.018442532717610902e+02
1.035512698272603075e+03
1.711762744253785968e+03
1.833459077760045091e+02
9.974536327206690203e+02
1.719321970517866248e+03
1.243847423721591440e+03
2.136813849041953972e+02
2.509067342507364174e+03
2.613848968789623086e+03
2.092757859729796337e+02
4.033906927919841110e+03
9.749217772068330987e+02
2.228594551090902314e+03
4.289364931799497754e+03
3.375128728710456471e+03
2.535834525323536582e+03
1.657780737713960207e+03
1.084082306533784049e+03
1.237503102327625584e+03
1.455211828501352784e+03
1.908555540169050801e+03
2.818537744179064248e+03
2.658186444909231341e+03
6.580238306139822271e+03
1.741917707546085694e+03
2.966771060058928924e+03
2.747126011859995742e+03
3.440881497657863292e+03
2.974573662133236667e+03
7.139932421783656537e+03
8.227142072423529271e+02
1.052311627859372493e+03
1.559756697657342556e+03
1.373255193375897761e+03
2.091853894999380827e+03
6.450487903593199917e+03
2.805861995002033495e+02
6.884295211015121822e+03
1.622161814758817854e+03
2.697077705754954877e+02
1.700067860420531815e+03
1.908700616111515274e+02
3.592112114620828834e+03
3.172676097531861160e+03
2.513833133584900679e+03
3.754506637880628659e+03
2.692619998919635691e+03
1.850533967018277963e+03
4.241072304818064367e+03
6.275768511146200126e+02
3.056246325541391798e+03
4.700188279037055281e+02
1.741198443790282909e+03
1.150059480177273144e+03
6.584184715370236518e+03
6.494643349523232246e+03
2.959634387415992023e+03
1.526930014271606524e+03
2.309483465456815793e+03
2.531134751611549291e+03
2.560669780600359900e+03
1.503100292916052013e+03
4.333929248923633395e+02
5.931715442449046350e+03
1.043680419792658995e+03
1.164477043758920445e+03
1.698169943706280037e+03
1.494932775289094934e+03
8.087106659157709601e+02
1.342121119152849133e+03
2.000737687226828029e+03
2.288161308767846094e+03
2.137245019233632775e+02
4.124461931574380287e+03
2.693210187177288049e+02
9.078269605654636507e+02
7.400082572993305803e+02
6.365864490656357475e+02
5.747443248362420718e+02
5.014507234418096004e+02
8.934788311558578471e+02
1.668233912673712894e+03
1.237112667563947070e+03
5.841683107902222218e+02
3.532129877977947217e+03
1.152036797114092678e+03
8.014082993433225965e+02
4.117483621317796860e+03
3.403372880590000932e+03
4.057829386183583210e+03
2.218253575732202535e+03
3.337378616453931386e+02
1.849889671688684984e+03
8.454976079129497748e+02
4.142659447824515155e+03
3.684592782465351320e+03
7.219236358683192520e+02
4.696093032702260643e+03
2.588421534939634512e+03
2.366326049034762491e+03
1.404304451138825698e+03
2.170718244876299650e+03
2.827396493437406662e+03
9.584936478045306103e+02
1.487034189193972907e+03
2.447644857362287894e+03
3.276105898103487561e+03
1.041369755897825371e+03
9.304668966740302949e+02
2.289021694407425457e+03
8.664743448643993133e+02
5.072508114634430285e+02
4.276868119483546252e+03
1.446726026611418092e+03
2.117107215160525811e+03
4.304740214193843713e+03
5.702932730741647447e+02
3.745002235931042378e+03
9.968364583093315332e+02
4.008692637975708521e+02
8.545275510007822959e+02
6.827094932000544532e+02
7.125613351737404173e+02
5.556526926698728630e+02
2.355083973943375895e+03
2.644672024571974816e+03
1.660833949137474974e+03
1.548413248298517601e+03
2.898873002375404667e+03
2.685897079636895796e+03
2.553309756764499070e+03
4.735932045313891649e+03
5.949415863281054953e+03
2.249162298528374322e+03
1.242989847410218772e+03
2.963678092249568863e+02
1.159614351219747277e+03
1.120042527175322903e+03
9.090459226097905230e+02
1.786687104343239980e+03
7.711496332408236185e+02
1.651482890136444439e+03
8.286676374577396018e+02
6.803058172063170787e+03
3.272678140153881486e+03
2.301232677333558513e+03
6.723027587198517722e+03
2.582838263968720639e+03
9.159844405329786241e+02
4.568558130160128030e+02
2.425098282963676866e+03
9.337954950252118351e+02
3.557238526777796324e+02
2.742063509296365737e+03
2.153166688999317557e+03
3.956886992287908470e+03
3.304244183262409479e+03
9.604610658028736907e+02
3.655959784934256277e+03
3.141565376428687159e+03
2.405567591587348943e+03
2.477300675721324694e+02
2.278044371280418090e+03
7.706230726392642509e+02
2.181007717754476403e+02
1.023634306993127780e+03
2.126985762626368796e+03
6.104299702177454492e+02
7.624407494416310556e+02
6.613772144548672259e+03
7.945945078109850783e+02
2.343084985801520759e+02
2.339388529451247450e+03
2.074858408970681467e+03
2.931945690348547032e+03
1.141122380212373173e+03
7.583782903818787418e+02
3.082518169738189613e+02
2.139010256492794610e+02
3.157367657383401365e+03
7.522392088963160859e+02
2.126154673414069975e+02
1.467297821135596678e+03
2.421240633639356020e+03
4.010186631098934527e+02
1.304481733090529815e+03
2.780616324607155434e+02
4.355653785686281481e+03
7.941479537967314855e+02
3.177248483508548816e+03
2.120022465825656582e+03
4.009382084915640689e+02
1.116127973307316552e+03
5.040511229170262482e+02
2.482840497691478959e+03
1.147618879685830507e+03
2.251050195920384795e+03
6.668365474951600845e+03
2.771600228300657363e+03
3.229794615523419452e+03
6.488554294431623930e+03
1.321380706867974141e+03
1.454632094760900600e+03
2.660956914761007738e+03
1.409213213161337080e+03
2.246153414137886102e+03
3.173560670986872992e+03
4.047657683383377844e+03
2.323989528088144652e+03
3.742213426726585567e+03
8.060061477541180466e+02
6.995921048393029196e+02
2.855482703336472241e+03
2.670826948563579663e+03
2.748064261967557286e+03
6.727121834911037695e+03
3.452107822027580823e+02
4.838471924657882255e+02
9.700098093229911456e+02
2.218467979947347999e+02
3.346582955827208252e+02
1.328818743998271202e+03
1.214443391218252145e+03
1.689748559774933028e+03
2.285359129748884470e+02
3.155829397211638820e+02
1.475501720764264974e+03
1.459789388754157926e+03
1.611858901177972939e+03
2.281887839119501677e+03
1.689754169512355929e+03
9.625346265923769806e+02
2.580866233264346761e+02
1.396605215511138795e+03
4.065282471869309120e+03
3.881891258142107290e+03
2.684105510741241687e+03
2.169010800837929310e+03
1.655172643924126533e+03
3.565865549259995532e+03
2.616929860368256413e+03
1.066013599814014015e+03
2.133601001142861605e+03
1.706885585210885665e+03
4.088203450852687411e+02
3.061696808737542142e+03
7.110421760066719798e+03
1.229405790654709563e+03
2.859693884217735103e+03
3.056531473702762014e+03
5.035432939494132825e+02
2.674068252891819611e+03
9.484456908187337376e+02
1.085539828731962643e+03
2.000231139102110319e+03
2.313166113142379800e+03
2.888251397541907409e+03
3.477866067331876820e+02
2.927658019934664821e+02
7.091009463747395785e+03
2.952529546290234066e+02
4.008793167505032216e+02
1.185075423720737035e+03
3.105484536500167678e+02
2.546013202201832826e+02
2.386986935131288192e+03
4.191945803575376317e+02
8.227193128916885598e+02
6.599142825908296800e+03
4.411662636820626631e+02
1.573131638995316735e+03
1.909200784994169453e+03
1.971452803172376889e+03
2.612541949381500672e+03
2.541561920206768264e+03
1.932138897777808552e+03
1.541970794229341209e+03
6.298943237459646298e+03
8.977490227255511854e+02
1.614076659135439968e+03
6.355301464107899392e+02
1.222067423892576244e+03
3.171971219450920216e+03
3.399635724851479154e+03
1.865745085567883280e+03
7.282106175895277147e+02
8.849037944594066403e+02
1.040430456712202840e+03
4.151012532901750092e+02
4.252312262860655210e+02
4.056119885897001950e+03
7.320841580255175813e+02
1.697972328355305081e+02
8.974561654805781927e+02
3.109470567200415644e+03
2.744907924638299846e+03
8.688193029313323450e+02
8.265967096777391134e+02
2.262968260654414735e+03
6.573679843164495651e+02
9.303417551719296625e+02
2.026238447774078395e+03
1.405994056292373443e+03
2.495493360218531961e+03
4.928903579766541952e+03
1.728411428762520927e+03
4.827860699996384938e+03
6.772698174197430490e+02
1.377357078103604636e+03
4.066740393065495937e+03
2.820762892198013674e+02
3.500934944336972876e+03
7.460074757516669024e+02
1.411013360696355448e+03
7.022884852309501184e+03
1.833779824422244474e+03
3.938394306397523223e+02
5.469658962556395636e+02
2.257149934468622178e+03
1.622518230503313589e+03
5.862369191341924761e+02
2.959111589918486061e+03
2.830978021813078158e+03
3.285294648742454683e+03
9.547256832084816551e+02
6.696098503706420161e+03
2.729471487812681517e+03
6.062224649082812903e+03
9.402753360899744166e+02
2.713794589206039745e+03
7.025566522738927233e+02
3.029932416354480665e+03
1.271838124198103742e+03
5.609111150184247663e+02
2.519128308411617581e+03
3.698313041482143149e+02
2.701560605759241298e+03
1.715908511741509756e+03
5.312406823397813241e+03
2.479034237421582475e+03
2.975502386155825661e+03
2.733602568059612622e+03
1.628863115535700217e+03
4.080984071178904287e+03
5.476580101948004540e+02
6.285661109450086315e+02
1.570080653080258344e+03
3.259651928127301517e+02
1.747350330179866660e+03
8.067027678409358487e+02
2.414886015619702448e+03
1.313896412872244127e+03
4.721711940854200975e+02
2.451307883279496878e+02
3.414897036008890154e+03
2.015702021249655672e+03
1.892925221541184328e+03
5.322164807965375530e+02
5.505287067006845518e+02
2.366209461068899600e+03
2.944051723229533309e+03
3.012262736877187876e+02
9.241474112562159462e+02
3.587270441920353733e+03
3.224601756868778921e+03
1.177867924245919767e+03
1.186658932798407932e+03
2.357222695142506382e+03
1.963628452992092207e+03
3.336677908749834387e+03
1.124127983339026741e+03
1.300950538132035263e+03
9.238731424354664341e+02
2.539593684827686047e+03
9.830379685988323217e+02
3.586589290756072614e+02
6.046536855617952824e+03
1.874623533601794918e+02
6.164152689897529854e+03
1.452607024152229769e+03
2.420318587488656306e+02
1.520110691155751056e+03
2.382286084678163206e+03
9.418280381526686824e+02
8.397326404265279507e+02
2.155004528130894414e+03
8.445614048665029259e+02
1.308778600064185866e+03
2.376988651336931980e+03
1.263824524378400383e+03
3.272143052082491863e+02
2.874196131858042463e+03
3.526630768431146862e+03
3.951626561163785482e+03
3.516285090014597699e+03
1.512069965237645420e+03
1.314147502350017930e+03
1.015037637578276303e+03
8.369184112296134117e+02
6.910706491768933120e+02
5.778729752019783064e+02
1.769667377012852285e+03
1.646115880846029086e+03
2.340051214942413935e+03
7.394645501333433458e+03
2.150108348496996769e+03
4.024116575163994867e+02
1.315537705558688231e+03
5.211835279202654192e+02
3.433445939206652383e+03
2.442201373109682208e+03
4.009382084915640689e+02
7.127776053255602164e+03
8.372509283131944358e+02
1.242366812554345643e+03
5.983577122972953475e+03
3.738622811124211239e+03
8.690614580202209254e+02
6.572287077299404700e+03
1.746700845051423357e+03
2.411068456708377994e+02
2.317630046535910253e+02
6.658815987274619147e+03
2.785447625723130841e+03
5.062477506682224089e+02
1.847077713336466786e+03
9.689482413701380210e+02
5.745399053767555415e+02
3.133999943747774523e+03
1.477566893977383415e+03
1.651191135532045337e+03
3.352057656966955165e+03
1.553981731569920385e+03
1.285186325124563609e+03
5.423642145265579302e+02
7.462882312661060951e+02
2.775218638318769081e+03
5.916648898099224425e+02
1.798817259381382428e+03
1.481261090132866229e+03
5.429262584207465352e+02
1.335820514428814931e+03
2.810014008455025760e+03
2.799312668231183125e+03
1.931830579828886698e+02
6.002879368324147435e+02
1.815989709038034789e+03
1.480518333862158670e+03
2.027055106573631747e+03
2.028020365676013625e+03
3.429323241001278802e+03
1.685667525092049345e+03
3.375065687869348039e+03
5.221249644750336074e+02
7.953907420070553371e+02
5.905537966227707329e+02
1.603671935831800283e+03
8.562896164285240275e+02
8.245699560045259204e+02
7.603830897681583565e+02
6.247787257743306100e+02
1.351010952692036199e+03
2.203230591858555272e+03
2.443728596983976786e+03
3.390320449619655392e+03
3.212467893972751881e+03
3.367678122767739296e+03
2.487272989212121502e+03
1.761240708159079304e+03
1.795010105510319136e+03
1.427713643099339151e+03
1.580473344013185397e+03
1.715764396286620922e+03
3.262196444805983333e+02
6.643689716184449026e+02
1.889782782510832021e+03
6.574013642802999129e+03
1.582777908891374864e+03
2.442871772391609397e+02
1.031504306204664999e+03
3.034003681385649543e+03
2.754501369795717892e+03
3.972000583751859267e+03
7.007463042572424001e+02
1.598624492214549491e+03
2.696086401299402496e+03
4.574473247943603269e+02
1.617436959684183421e+03
1.642290298393280636e+03
5.151607415755747752e+02
3.441887247562437437e+02
4.094842418155584710e+03
1.540055933048389079e+03
2.972319080377974387e+02
4.201343733492551564e+02
1.432183805711725654e+03
2.917836050146527668e+03
2.275851859762934964e+03
5.768650443975768667e+02
7.130784549273657831e+02
6.864561902026273401e+02
5.566923855572098546e+03
2.685949144736097196e+02
1.543657504603148027e+03
8.682753668175848816e+02
1.909626989127663137e+03
1.489752182719898428e+03
6.469445059490312815e+02
6.586014545810691061e+02
7.235266613828991922e+02
2.193270577363150551e+03
3.012387524391002444e+03
1.310871935779541673e+03
1.729085847780676431e+03
1.761204576517430951e+03
2.703337360919327693e+03
3.497470946118388383e+03
9.454340284744018845e+02
7.888712061937394537e+02
3.570502996157624693e+03
6.707110403646278201e+02
2.620101521002371555e+03
1.920949015635388150e+03
3.151908517772895266e+03
5.760456279926925163e+02
1.218579820202421615e+03
1.450521491551742429e+03
3.652522188207319232e+03
3.864890358945215667e+03
5.631778356394468119e+02
6.480441758749323071e+02
3.290765285987659809e+03
5.081438067346554817e+03
2.328069502963935975e+03
1.990860686017816306e+03
3.971655531729335848e+02
1.921643858896106167e+03
5.279736984293340356e+02
3.654303224361039611e+03
3.412368210336404900e+03
3.834549489856462969e+02
1.414533068518801201e+03
5.073908116200352197e+03
9.758458585575275492e+02
3.358568210201436614e+03
1.651727742751996630e+03
1.440154421415816387e+03
5.615290450320936770e+02
4.009919873075193664e+02
2.393834716784466764e+03
2.540365325847208169e+03
2.609157598941065430e+02
7.422679074105349173e+02
6.328515215538353914e+03
1.851076569754751745e+03
1.024246198501668005e+03
2.285765635706292414e+03
2.780477876383326475e+03
6.850671359838361241e+03
3.466294118302607785e+03
8.766122410042112278e+02
2.815652642208678571e+03
4.221016259200589047e+03
1.395281429569440888e+03
6.395095364537196474e+03
2.640492595926413742e+03
3.353471649254705881e+03
3.182743910101919937e+03
3.974801157225109819e+03
1.699851924191685839e+03
6.667908361009489226e+02
1.911482868727916639e+03
4.307501941747898968e+02
1.783209455785921591e+03
1.753037272257966151e+03
3.510311368834921723e+03
2.230405527618305769e+03
1.019324897073083321e+03
1.202821661011459128e+03
1.598807267066324812e+03
1.930740405452976574e+03
1.809180801819615681e+03
1.971687322430091399e+03
3.483278942396724233e+03
1.426314120898656029e+03
5.297346625189113638e+02
3.745889469710588401e+03
6.491281082557666195e+03
1.102298500042686101e+03
1.035230676443932452e+03
1.566989792328120075e+03
2.368023548425238459e+03
5.769783681632848129e+02
2.121571707400290052e+03
7.836082001163904351e+02
6.085881747885445066e+02
5.159245351991171447e+02
3.620593254989091292e+03
3.201322561491638226e+03
8.125412931623138775e+02
1.222471269987820051e+03
6.233076932992956927e+02
5.797584911096513679e+03
2.888810730556496310e+03
2.423410564917509873e+03
1.070161181356205816e+03
1.446034196266928120e+03
1.012001679317971821e+03
1.981352215498525538e+03
2.242463279909129028e+02
1.058882166948925033e+03
2.778044793248200222e+02
2.662266015012674870e+03
2.362399098176264488e+03
1.302140240712392824e+03
1.178245590996726833e+03
3.337182790163192863e+02
2.286961925700776192e+03
1.524184468684114108e+03
6.587019037314663592e+02
3.074577408339954673e+03
6.976402860171850762e+02
1.166672012951481520e+03
3.065633848314765601e+03
5.673163063843962846e+02
3.051212820224262487e+03
5.712119721076394399e+02
1.623484439712757649e+03
3.163685406682854591e+03
2.539260880323613947e+03
9.091482527542021899e+02
7.055810200470720702e+03
2.338047690104921003e+03
2.050092058458139491e+03
6.682377326162320514e+02
1.194965336291904123e+03
2.107176435623375710e+03
3.335675375906533191e+03
5.780541835107678708e+02
2.193650894190240251e+03
1.466576123637311412e+03
7.774183623271453598e+02
3.105167229736392528e+03
6.687744680499207789e+03
6.685376899245571622e+03
1.938887104529825137e+03
1.156239004700707028e+03
6.909774517279338397e+03
1.977996456304326330e+03
3.027635406971255179e+03
2.876412744707099591e+02
2.001418088769395354e+03
4.639047744313580552e+03
1.727270051299735314e+03
6.192508891235375813e+03
2.176359816528151441e+03
1.329049575750529584e+03
6.379208474596837277e+02
1.019737329316460887e+03
2.210519177322495352e+02
6.441945490380777301e+03
1.832587701026595369e+03
2.208279442196645505e+03
3.182847762441037958e+02
6.395076159606176589e+03
3.002315089950188394e+03
1.161864833015064278e+03
2.489454294593912891e+03
1.664913886334140670e+03
1.621626797160731030e+03
8.643692771993754604e+02
6.761410890215731342e+03
7.994528818935705203e+02
4.239664426296692454e+02
3.417314647593298105e+03
1.751965425979763268e+03
2.604635213254185828e+02
6.807530674976769660e+02
3.094705625356201381e+03
5.290005896141210542e+02
2.536171059436208452e+03
1.412098645697019265e+03
9.344980204695596058e+02
8.353266060926351884e+02
9.641971462193719162e+02
5.764215406541969060e+03
1.776266869951055241e+03
1.685641054995176773e+03
3.283307541226719195e+02
3.494706305368845733e+03
1.627801976974198851e+03
9.117635872123321406e+02
3.196316833722212323e+03
1.167597146383473728e+03
8.387677890614700118e+02
1.271279872345584181e+03
3.355566132861109509e+03
8.749154598204618196e+02
5.772807298887339584e+02
1.744911394387822384e+03
7.120957607720040414e+02
7.476170983404877006e+02
5.198566724682068525e+02
1.683289470443387927e+03
1.265556102342724671e+03
1.919661443006671107e+03
3.564514721230637520e+02
2.680595065606710705e+03
2.637314071210222210e+03
2.915683875797510154e+03
9.741263911294205400e+02
7.660036465691607646e+02
3.700152988199409720e+03
2.344396405803171319e+02
7.177945218583832684e+03
7.981102513813812038e+02
3.215066351179126286e+03
9.568452544888505145e+02
6.801443018769356058e+03
6.589656290309058022e+02
1.178652913323261600e+03
2.870155339061350787e+03
1.198581675298120899e+03
2.535587688725066982e+03
4.677078089009937685e+02
3.353988244857764585e+03
3.311403891957449105e+03
8.067339881048858388e+02
2.405520292271801736e+03
5.533290204139339039e+02
1.245201102949979486e+03
2.186637636235728223e+03
7.351085369057327625e+02
3.216840660375597508e+03
8.030935897569179360e+02
2.079151116233899756e+03
3.960510359302755205e+03
2.297146918689502684e+02
1.070810481979778388e+03
6.988036183214738230e+03
4.095390493059541313e+03
5.911061425427604945e+02
9.447802993889806658e+02
1.470666492357030620e+03
2.719687137313044332e+03
7.555632732549292996e+02
3.234584151923217632e+03
2.923864882520621904e+03
1.999317587198316630e+02
2.484887952277777458e+03
3.738072516628337326e+03
2.639701477519860418e+03
3.048654227866519250e+03
1.480651703989351063e+03
5.482232361804918810e+02
2.823935823363515283e+03
1.653659169505035607e+03
1.245708682838305322e+03
2.288951044552495659e+02
8.635298773643520462e+02
6.094216307125287813e+02
3.436070126942944626e+03
1.292849289715522900e+03
2.654798841984825685e+03
4.741991663022777175e+02
7.198362548758761932e+02
1.029439245742737967e+03
6.226656986545154723e+03
2.186676503628601154e+02
5.760369358587267925e+02
3.199388172921779301e+02
1.710133396952744306e+03
1.782102133361611777e+03
1.438513096296978347e+03
2.026550567059512332e+03
3.114130140522643160e+02
1.054379941048030787e+03
4.496435251433262010e+02
6.924503803866545240e+03
7.231102011512703029e+02
2.899878967676386310e+03
6.096773218941384584e+02
6.256725706921870369e+02
1.083680091368325066e+03
9.030934283674018843e+02
6.950593229100242752e+03
2.244370199541747752e+03
3.030475332208538930e+03
5.214459935069063476e+02
2.088358986728173932e+03
2.826131040691667295e+03
9.130492825348833321e+02
1.129295239281248541e+03
4.638386959630517595e+03
1.766076328251179575e+03
5.765506147502057956e+02
2.572775659986048140e+03
1.042381326227349518e+03
2.633462715628393198e+03
5.942628835534957261e+02
6.862990378394919389e+03
5.012263947658611869e+03
2.527585120615769483e+03
6.431978962670782494e+02
4.128210273000514690e+02
9.363904706510933238e+02
3.507483007650278523e+03
5.210720360843424714e+02
2.713312494223960698e+02
1.260148142597667629e+03
1.205838036462631635e+03
5.610319819405071030e+03
1.196288456241216409e+03
5.056898372055585469e+02
5.780135318556616539e+02
2.473758470148374727e+03
1.650850055009817879e+03
5.476806955940678563e+02
2.377442691160742015e+03
1.582341095211164429e+03
8.801834393906812011e+02
1.811084982460885158e+03
4.975066803262511712e+03
4.067809127939662176e+03
2.362565533054674688e+03
3.278288765210219481e+03
8.870267338804868587e+02
9.279508249415630416e+02
1.949750505972208430e+02
1.864585108610559928e+03
3.009932176856787009e+03
2.496649341777141672e+03
3.547934972989883136e+03
6.048499022135549694e+02
2.829834560601907015e+03
5.476497809643782375e+02
7.570202636592624685e+02
1.342589722488237840e+03
2.017208597374731880e+03
2.678540895714364524e+03
1.369191825880686338e+03
1.105070309208778326e+03
2.100166969225511821e+03
1.579553442809764874e+03
2.220705754255081956e+03
1.472602967452874509e+03
4.008793167505032216e+02
1.453532768348370610e+03
6.368108458456465542e+02
2.410600782004418932e+02
1.950638592445924360e+03
3.365362229247722098e+03
5.763273849623781189e+02
2.596390968500037161e+03
2.674381580094223864e+03
2.050845679499728249e+03
1.791638018908051890e+03
3.028894024750345579e+03
2.136389626109909841e+03
6.346181965946174159e+02
8.482959277831271265e+02
4.765540495293552112e+02
1.785115011041549678e+03
1.143538151678430040e+03
1.249802127173602912e+03
1.166993803441549517e+03
6.480082524942788041e+03
7.128657747676879808e+02
2.833725615120195471e+03
2.027234420613773636e+03
9.390902108854253356e+02
1.397349027722762685e+03
8.921623789284321902e+02
1.453089963244041428e+03
6.185413967177280483e+02
3.557365128324689067e+03
2.197619884784603983e+03
6.946936163901553982e+02
9.426166836083573344e+02
7.992105225998448077e+02
2.401195541331157983e+03
1.133930437375253405e+03
1.491148767510703237e+03
1.721578825953173464e+03
3.038967559193667512e+03
9.888055284178682314e+02
5.192763082290488228e+02
2.380367710319659182e+03
3.894620690084139369e+03
2.943546712315282093e+03
6.009334771589499269e+02
3.226915154220552722e+03
6.413474534747950202e+03
2.208033747631843198e+03
1.099316105548794667e+03
3.304885038269940651e+03
3.973287909438547558e+03
2.952808247227783340e+03
7.139131113765572536e+02
1.407006525130973841e+03
2.292146628963917465e+03
2.303774003278344935e+02
3.412968758959593288e+03
2.658949891155889418e+03
1.580478204308700697e+03
2.113882828932317352e+03
2.459164817761409722e+03
5.202477686916576204e+03
7.045209101889157864e+03
1.722076892581708307e+03
1.290941900173599151e+03
7.116722242470851825e+02
2.327922615532219424e+03
5.795190692291547521e+02
4.107993293761066980e+02
2.852381103047215447e+02
4.030838498617687947e+03
3.224734710925329637e+03
4.818630304460317348e+03
8.911883632539513656e+02
1.964199682098426820e+03
2.990058818733045882e+03
2.961384888291957850e+03
2.058143745714786292e+03
8.374889408355325031e+02
1.580758476708780790e+03
1.983576499571919385e+03
2.048215322773378830e+03
9.567523085146499398e+02
3.398273951570810141e+02
1.896784234623851944e+03
1.523945065962349418e+03
3.482910089261253574e+02
4.197074801547302741e+03
2.619107627363330721e+03
2.579478180534362082e+02
7.910014173079246120e+02
5.546809415629229534e+02
3.560973654248384264e+03
6.871664715480386803e+03
8.637656730107720477e+02
3.688416678980256165e+03
1.597100950069687315e+03
3.123908089557479002e+02
6.763387842945080592e+03
6.526935589136379576e+02
1.759540565413834884e+03
1.564019329673864831e+03
6.929578645878250427e+02
3.532306571746767986e+03
7.291698857315105897e+02
1.100071589088808423e+03
5.784426656390830885e+02
5.670284927126397633e+03
3.126884778282273487e+02
2.609807268037288281e+02
6.179711230489880336e+02
3.309795971744956660e+03
9.028864742921790594e+02
7.281909272777368642e+03
6.987433793319364668e+02
2.320402204159306052e+02
1.301283045738123292e+03
2.869761945086811920e+03
2.226683202565599913e+03
2.181332104643634295e+02
1.603004394471120804e+03
2.642562151647662631e+03
1.506489685939651281e+03
8.695890409126404847e+02
2.474202620592997846e+03
3.284860915173311696e+03
2.368820133405339448e+02
9.080643772932455704e+02
8.590359752609201678e+02
1.191820847954566943e+03
1.155830782575651938e+03
4.658787290247026931e+02
6.584109122483638203e+03
1.131692862152979615e+03
2.242339291375008543e+03
8.689880317266123484e+02
4.831212672266745358e+03
2.339035042451825575e+03
3.518203783033377476e+03
2.162827469539658068e+03
2.760266850580896062e+03
2.106371382507432827e+03
4.038461345818851669e+02
3.304711361083975135e+03
1.364809416519296974e+03
3.848826266544168675e+02
1.105747601131796273e+03
2.688599543155517495e+03
1.002140188140047144e+03
1.194574769148602854e+03
5.477927102107329347e+02
1.003680563920921713e+03
6.755901981537142547e+02
3.105454311828606478e+03
3.291365131362550756e+02
8.168408633740583582e+02
2.135453317188148503e+03
5.248953735156921994e+02
3.378193744069191098e+02
5.190301318681065368e+02
1.049564754564961277e+03
6.651630251103065348e+03
1.803704290956961358e+03
1.281516758929601110e+03
8.444905769489536169e+02
2.081427701803387208e+03
6.593042529477382232e+03
7.947493437001259053e+02
7.296278245336944792e+02
1.663499231891077670e+03
3.722887149805347235e+03
5.756740726700800224e+02
7.080678492250891622e+02
6.950683794359209060e+03
2.330938690355610106e+03
6.434704577337670344e+02
2.035780630921396778e+03
7.092807780492956226e+03
7.697260320531970592e+02
2.716173000551483483e+02
2.047257259693967853e+03
3.288041801664720879e+03
3.192315495324351559e+03
2.866813442905350371e+02
9.570348419740093959e+02
6.707165229170278508e+03
2.081672682990054454e+03
2.111788647794202461e+03
1.815627930067041234e+03
6.675995162440807690e+03
2.832615184771028908e+03
9.414234773782960701e+02
1.771125413850299537e+03
2.759008026507439354e+03
6.997388428241458314e+03
3.019399335731854535e+03
4.021578153966309515e+02
3.039123977250105781e+03
1.207181243550017143e+03
1.754261840627476886e+03
1.496715154919136921e+03
9.579662295619481256e+02
4.161521619259699492e+02
5.101493856436711212e+03
7.611222730862673416e+02
2.696449363525281569e+03
4.008889119281361673e+02
2.022516468049287596e+03
4.089683992400075567e+03
1.064050360018623905e+03
1.006252728410616328e+03
2.720798819421431290e+03
1.247465055216297742e+03
6.471261654436466415e+02
2.912331758825006318e+02
3.327887192794514135e+02
6.436025319670731051e+02
3.409926843777951490e+03
1.327382108251094905e+03
1.414000828365017696e+03
1.871679205442778539e+03
6.014225326782408956e+03
2.147956037801037382e+03
3.158874032465761275e+02
1.721499824869649728e+03
2.677393649845349046e+03
6.587182598734316343e+02
5.741143067878504553e+03
3.045110193050018097e+03
2.260190975800893511e+02
3.524154196690499248e+02
2.034257174746635428e+03
6.336461265775917582e+02
9.078815704638290072e+02
1.644678571638283302e+03
1.983533370715176716e+03
8.367405615949558069e+02
6.844806518752282500e+03
1.967833376972356291e+03
3.075402028653697357e+02
2.851434949234175292e+03
7.611476102033927873e+02
1.899309450126558886e+03
9.862566916312805461e+02
2.614897301333378891e+03
8.153232727050100266e+02
3.150228485751756125e+03
1.951391957004041842e+03
6.894164691093158581e+03
1.467519054369119431e+03
1.633492550583934189e+03
1.955321987758570685e+02
7.530401666235011362e+02
2.284983249631713534e+03
3.726050699475935289e+03
3.394876585364361290e+03
5.838052706722863832e+02
2.212471496791355094e+03
2.493937117653624682e+02
2.074175464726820792e+03
1.058668662154875619e+03
4.486349083969407729e+03
2.537696592305155718e+03
3.127283501719070046e+03
4.110073910934301239e+03
5.964626449974441584e+02
1.124800715599764544e+03
9.144473720763824076e+02
1.305198332391009444e+03
1.340526769827936278e+03
6.256281495501264089e+02
2.805919908580860010e+03
1.864767393276102666e+03
5.667906334228855485e+02
2.685364041085499593e+03
1.113921435823310730e+03
3.781497808423310971e+02
6.302373893001665238e+03
5.812890693619895046e+02
1.882720162543807874e+03
5.924394118820371204e+02
2.284185842331464301e+03
2.882390655536094528e+03
5.754677964021483376e+02
1.851449895385668015e+03
3.662856073595331054e+03
1.246786096444179520e+03
1.848366267800484820e+03
3.628588086192712126e+03
9.853034373808300188e+02
5.477261614612000358e+02
7.906936207250490725e+02
3.722014042365676687e+03
1.407664874443308236e+03
3.043102087503036273e+03
1.874845993153821837e+03
2.996108129441771780e+03
9.806874447533906505e+02
1.218333717743942543e+03
8.430404070074625906e+02
1.436553503149746803e+03
6.553657557956607889e+02
7.320650195781280445e+02
2.212167809718483113e+03
8.800896685894313123e+02
1.447273249461669593e+03
2.062488399193215628e+03
2.920259099483591399e+03
1.819942384615771289e+03
6.700323759693909778e+03
5.682517864467565687e+02
1.613795886565683077e+03
4.693059181746315517e+03
1.315355296739630830e+03
7.928362969289700004e+02
2.187123710208888383e+02
9.284697143984349168e+02
6.207432894538177607e+03
2.513185248144271100e+03
1.550836414156537103e+03
1.218774233483592070e+03
5.476725101841949481e+02
2.516515399911032205e+02
2.414043814266437494e+03
2.443680824034065154e+03
2.852041394043334549e+03
1.943037115360952498e+02
1.116869806171264827e+03
8.926010294573727606e+02
1.552236745532652094e+03
3.384361300008803482e+03
6.715525972786908824e+02
5.039833734457689047e+02
2.952270409958974597e+03
7.704339390052005001e+02
2.453833445481183844e+03
5.475853854046847573e+02
3.097442670617184831e+03
8.537290029291772271e+02
3.989703740692708834e+03
1.248009794878504636e+03
4.911116962662708829e+02
1.235154477903785619e+03
